27-02-2020	1	   1		0		0 
28-02-2020	1	   2		0		0
29-02-2020	1	   3		0		0
01-03-2020	1	   4		0		0
02-03-2020	0	   4		0		0
03-03-2020	6	   10		0		0
04-03-2020	5	   15		0		0
05-03-2020	5	   20		0		0
06-03-2020	3	   23		0		0
07-03-2020	6	   29		0		0
08-03-2020	8	   37		0		0
09-03-2020	55	   92		0		0
10-03-2020	172	   264		0		0
11-03-2020	252	   516		0		0
12-03-2020	160	   676		0		0
13-03-2020	128	   804		1		0
14-03-2020	32	   836		1		0	
15-03-2020	39	   875		2		0  
16-03-2020	57	   932		2		0	
17-03-2020	92	   1024		4		0	  
18-03-2020	91	   1115		4		0	  
19-03-2020	108	   1223		6		0	  
20-03-2020	112	   1335		9		0	  
21-03-2020	83	   1418		13		0	  
22-03-2020	94	   1512		13		0	  
23-03-2020	70	   1582		13		0	  
24-03-2020	135	   1717		24		0	  
25-03-2020	144	   1861		34		0	  
26-03-2020	162	   2023		41		0	  
27-03-2020	176	   2199		52		0	  
28-03-2020	167	   2366		65		0	  
29-03-2020	198	   2564		72		0	  
30-03-2020	191	   2755		77		0	 
31-03-2020	284	   3039		90		0	  
01-04-2020	251	   3290		104		894	
02-04-2020	283	   3573		123		1172 
03-04-2020	373	   3946		139		1193 
04-04-2020	322	   4268		161		1379 
05-04-2020	293	   4561		179		1430 
06-04-2020	314	   4875		187		1489 
07-04-2020	391	   5266		203		1615 
08-04-2020	331	   5597		218		1762	
09-04-2020	233	   5830		237		1883	
10-04-2020	184	   6014		247		1929	
11-04-2020	177	   6191		260		2111	
12-04-2020	178	   6369		273		2291	
13-04-2020	144	   6513		285		2403	
14-04-2020	193	   6706		299		2689	
15-04-2020	170	   6876		309		2925	
16-04-2020	198	   7074		321		3203	
17-04-2020	194	   7268		336		3571	
18-04-2020	169	   7437		346		4031	
19-04-2020	143	   7580		355		4328	
20-04-2020	131	   7711		364		4500	
21-04-2020	180	   7891		370		4889	
22-04-2020	217	   8108		384		5276	
23-04-2020	163	   8271		394		5573	
24-04-2020	137	   8408		403		5715	
25-04-2020	235	   8643		418		5858	
26-04-2020	130	   8773		422		5994	
27-04-2020	123	   8896		427		6150	
28-04-2020	153	   9049		434		6312	
29-04-2020	157	   9206		443		6558	
30-04-2020	150	   9356		452		6741	
01-05-2020	153	   9509		460		6924	
02-05-2020	96	   9605		475		7084	
03-05-2020	116	   9721		484		7182	
04-05-2020	147	   9868		493		7284	
05-05-2020	151	   10019	503		7492
